# Posterior for Beyond-2pt challenge with void-galaxy cross-correlation analysis of the wCDM light-cone 
# 
# Om = 0.00000^{+0.03480}_{-0.01287} (MEAN), 0.0201 (MAP) 
# w0 = 0.0000^{+0.3299}_{-0.5495} (MEAN), -0.1136 (MAP) 
# 
  0.00523417  -0.37778899
 -0.04699865   0.66967501
 -0.02378036  -0.66496923
  0.01894022  -0.17052977
  0.00955382  -0.26469819
  0.00007341  -0.45857332
  0.01870556   0.19029260
 -0.02703050  -0.57395606
  0.00319050  -0.46159782
  0.00919086  -0.28446742
  0.02194999  -0.25955421
  0.02158648  -0.04700375
  0.01600655  -0.21076208
  0.01957565  -0.10605735
  0.02961128  -0.04945603
  0.02752156  -0.05537316
  0.02594423   0.40597028
 -0.08340176   0.77061238
 -0.01316216  -0.37778223
  0.02538078  -0.23417937
  0.00543180  -0.32778936
  0.01656848   0.38594204
 -0.00048784  -0.50964792
 -0.01543118  -0.35560288
  0.04339925   0.18748449
 -0.00104982  -0.30253565
 -0.00850872  -0.63222058
  0.03946294   0.35750096
  0.02435012   0.17431129
  0.00371750  -0.22183416
  0.04773541   0.26523649
  0.00986423  -0.38997159
 -0.03140681   0.55317395
 -0.08613914   0.80158926
  0.03969795  -0.01088262
  0.00509943  -0.28928302
 -0.00934672  -0.50729501
  0.01580537  -0.11858393
  0.01879898  -0.23156218
  0.00375961  -0.17538819
  0.04633902   0.07854289
  0.01783229  -0.34689586
 -0.00218646  -0.36926002
  0.03061466   0.08067473
  0.03767532   0.10513033
 -0.02583398  -0.44623680
 -0.00745811  -0.56930244
  0.00400296   0.09641704
  0.02074255   0.18291420
 -0.08122504   0.77431587
  0.02283436   0.04545977
  0.02115361   0.36552148
 -0.01906317  -0.56051865
  0.02594903   0.37511791
 -0.00048705  -0.52268389
 -0.01585266   0.54314580
  0.04431226   0.19931449
  0.02005401   0.35082912
 -0.01138320  -0.62360633
  0.02979088  -0.14788539
  0.03607448  -0.00507465
 -0.02657084  -0.31247842
  0.02540476   0.11752905
 -0.04403389   0.66066538
 -0.00645314  -0.15273784
 -0.03787291   0.63387223
 -0.00585375  -0.23617875
  0.04418459   0.14519115
 -0.00567054  -0.40372088
  0.00208498  -0.49461285
 -0.02327855  -0.62625784
 -0.01780302   0.39920840
  0.02046337  -0.30247993
  0.01880327  -0.28916245
 -0.00116885  -0.40393203
 -0.01013075  -0.40808822
 -0.00853411  -0.56666449
 -0.01654327  -0.52366904
 -0.01561871  -0.62561962
 -0.03577624   0.58688356
  0.02216188   0.15167471
 -0.04287645   0.67770485
  0.01682709  -0.42611783
  0.02212605  -0.35658572
  0.00310256   0.41098201
  0.01147133  -0.56349850
  0.03042733   0.02220225
 -0.00361931   0.49691734
  0.00743468  -0.41986582
 -0.00215026   0.21283252
  0.00190078  -0.42926660
 -0.00247205  -0.51257258
  0.00837305  -0.12648141
 -0.01348541  -0.52303937
  0.00966147  -0.05885989
 -0.08538360   0.75002780
  0.02439844  -0.03212365
 -0.05907670   0.70041854
  0.02372698   0.14318679
  0.00557397  -0.16176512
  0.01713585  -0.51475284
  0.00970246  -0.43155494
  0.04444296  -0.08734028
 -0.00234472   0.20211082
 -0.00137338  -0.52764337
  0.02980017   0.04812738
  0.00798331   0.18545281
  0.00326461  -0.05113382
  0.00401382  -0.44185838
  0.00860832  -0.47957289
 -0.03246537   0.64668484
 -0.07679056   0.71117651
  0.00826754  -0.35839146
 -0.06781909   0.73407275
 -0.01638071   0.61967997
 -0.02406942  -0.59862242
  0.02832439  -0.26268799
 -0.00252561  -0.34953725
  0.01996298  -0.18494477
  0.03713879  -0.04381333
 -0.01764723  -0.63679704
  0.03001972   0.33778321
  0.01457203  -0.32789627
  0.00131638   0.54942887
  0.01991835  -0.00094414
  0.00463808  -0.09710973
 -0.08295329   0.76518074
 -0.06173588   0.69544940
 -0.02257926  -0.51491306
 -0.09033821   0.77538815
 -0.01206269   0.57969081
  0.01493869  -0.22440745
  0.01408026  -0.13377833
 -0.00026938  -0.33198751
 -0.01753764  -0.55048921
  0.02215064   0.05643063
 -0.00348968  -0.66822002
  0.02391585   0.01155113
  0.00515659  -0.31207731
  0.03580069   0.03382143
  0.02704669   0.13824884
  0.01876990  -0.04490595
 -0.08980752   0.76380710
  0.01359073   0.38024791
  0.02960510  -0.08807313
 -0.06690744   0.73699244
 -0.05971120   0.68168509
  0.04046130   0.36878881
  0.04347936   0.03259208
  0.01972317   0.15738973
 -0.00460435  -0.41513993
  0.04331572   0.27691010
  0.00329579  -0.24634352
  0.02140213  -0.07677085
  0.03397401   0.05569422
  0.01873733   0.41628179
  0.03376002   0.18581287
  0.02388465  -0.01389841
 -0.12379717   0.81706084
  0.00021410  -0.31474832
  0.02029567  -0.21572879
 -0.04111918   0.61985786
 -0.03812362   0.61963082
  0.02171933  -0.01375829
  0.04242888   0.18793820
  0.02038608  -0.09303632
  0.03599486  -0.19317163
  0.00650068  -0.43029920
 -0.00292351  -0.43982096
  0.02651903   0.34987016
  0.04811687   0.23369991
  0.02695130   0.26567344
  0.03012489  -0.01042066
  0.03273054  -0.12103005
 -0.16426628   0.87401835
 -0.01491130  -0.63574572
  0.02848019   0.18288328
 -0.01179768   0.63526696
 -0.10832693   0.75760535
  0.00139846   0.47401984
  0.04341627   0.09814223
 -0.02211208  -0.59536763
  0.02464619   0.44042231
  0.02328564  -0.16705500
  0.00293001  -0.46539174
  0.01489624   0.26713736
  0.02498366   0.33827543
  0.01374653  -0.11758006
  0.00855911  -0.27122102
  0.01569267  -0.08203350
 -0.15752031   0.85610961
  0.04390900  -0.05807572
  0.02065950  -0.26909931
  0.02412195   0.29801099
 -0.17750277   0.83719598
  0.04962091   0.06998924
  0.02491182  -0.12648762
  0.04502443   0.31256327
  0.02920744   0.23100796
  0.03592172  -0.28481744
  0.01957965  -0.06551539
  0.04401623  -0.06020023
  0.01964166   0.21885939
  0.01478022  -0.11903583
 -0.00105864  -0.44827736
 -0.00188647  -0.46259372
 -0.16243723   0.82743978
  0.02936390   0.27953236
  0.02711126  -0.02503353
  0.01191374   0.52142024
 -0.09929139   0.71834532
  0.01295142   0.00033428
  0.02117912   0.34654238
 -0.00154453   0.48426080
  0.02951849   0.08032733
  0.01803725  -0.07344475
 -0.01018119   0.26603547
  0.00422194  -0.31890410
  0.01424163  -0.05782634
  0.01135475  -0.29173263
 -0.01395540  -0.49625833
 -0.00373912  -0.52421109
 -0.17735642   0.85769039
 -0.01630521   0.53383236
  0.01811205  -0.30404102
  0.02635457   0.16613885
 -0.13458560   0.87622260
  0.01496197   0.13452290
  0.02106004  -0.09739654
  0.01034414   0.25170293
 -0.01018051  -0.55599232
  0.02776245   0.29356549
 -0.00156677  -0.37731028
  0.06999904  -0.16644923
  0.03214842  -0.06285891
  0.03618703   0.00111961
  0.00123987  -0.17417894
  0.01680333  -0.27941618
 -0.18536109   0.86964530
 -0.01314941   0.50915341
  0.02246280  -0.07123335
  0.01547325   0.39312852
 -0.09391743   0.79462469
 -0.01563625  -0.55061338
  0.02143944  -0.26824901
  0.01768422   0.08609806
  0.00767395  -0.43615485
  0.01612754   0.33441237
  0.00216475  -0.42670533
 -0.01484623  -0.40718940
  0.03747129   0.15665319
  0.02819910   0.12457401
 -0.01997831  -0.66126929
  0.01843915  -0.09998701
 -0.14340104   0.82767422
 -0.04702921   0.64677528
  0.01786565  -0.17755905
  0.01431665   0.32281135
 -0.16445323   0.87200751
  0.01337161  -0.27966617
  0.01554937   0.00820583
 -0.00185380  -0.25968775
 -0.00916421  -0.50111802
  0.00197142  -0.30950446
 -0.00526273  -0.30072912
  0.01083523  -0.05170189
  0.04818756   0.34415025
  0.02408959   0.29680042
  0.00254655  -0.49618326
  0.03470574   0.17339376
 -0.13977870   0.83208345
 -0.02995040   0.57669332
  0.00127466  -0.51519985
  0.02692813   0.32802600
 -0.16780354   0.88279469
  0.04237453   0.13231791
  0.03090357  -0.14583523
 -0.00754029  -0.23700021
 -0.00534382  -0.44124247
 -0.01839046  -0.44964763
  0.00105999  -0.34964592
  0.01987104  -0.16653250
  0.02920716  -0.15373867
  0.03168916   0.03818902
 -0.01088828  -0.51387683
  0.02326810   0.54166377
 -0.11299069   0.82437202
 -0.01687918   0.64535351
  0.01986529   0.21471301
  0.03831348   0.05021974
 -0.17995499   0.88162715
  0.01086120   0.10631757
  0.00374404   0.50854918
  0.00287198   0.52734432
  0.02971016   0.00232287
  0.02614076   0.24314635
  0.00463204  -0.32393640
  0.00963353  -0.35189480
  0.00255079   0.01894183
  0.03225823   0.10223273
  0.01821384  -0.52235049
  0.02851870   0.34985724
 -0.05926866   0.73003339
  0.03545851   0.42163326
 -0.01359430   0.61313621
  0.01369117  -0.28436401
 -0.12659387   0.81428603
  0.00911422  -0.09376920
 -0.00009112  -0.29079614
  0.03786549   0.33133878
 -0.00195001  -0.38351295
  0.04553980  -0.08069108
 -0.00117878  -0.21994994
  0.00092568  -0.51465628
  0.03132591   0.29292317
  0.04986017  -0.00449541
  0.03139633   0.04984355
  0.05174031   0.39507327
 -0.00572271   0.40551812
  0.01923314  -0.15130131
 -0.10462783   0.76935439
 -0.00878977  -0.50392337
 -0.06364499   0.65330901
  0.03816813  -0.10984581
  0.01346958  -0.21043333
  0.01656020   0.47772103
  0.02250084  -0.05878723
  0.02661615   0.21187443
 -0.02709592   0.54194628
 -0.00515275  -0.32585594
  0.01134440   0.47789246
  0.02729741   0.05125437
  0.01364985  -0.04890769
  0.04355894   0.26334712
  0.01035091  -0.37631482
 -0.00391367  -0.51261967
 -0.06157778   0.73884668
  0.03616891   0.28608000
 -0.11246137   0.82954132
  0.02012205  -0.11363633
 -0.01421868  -0.31527091
 -0.00072452  -0.36360608
  0.02096140  -0.01621980
  0.00965938  -0.28883282
 -0.04209237   0.57260666
  0.01934525  -0.31946719
  0.00287262   0.00523865
 -0.01979610   0.58575907
 -0.00481711  -0.62667332
  0.00947824   0.41745324
  0.02111432  -0.09383514
 -0.00545399  -0.59441538
  0.00754743   0.40389509
  0.02331989   0.27607721
 -0.02845950   0.55660228
  0.03890342   0.16047677
 -0.00102575  -0.37842025
  0.01625537   0.49264996
 -0.00884965  -0.41827915
 -0.01474566   0.47060989
  0.03623137   0.42668541
  0.01096561  -0.18540398
  0.01585793   0.32470228
 -0.04866875   0.73590060
 -0.00447429  -0.52436087
  0.02865568   0.30435853
  0.00099081  -0.63488170
  0.00582143  -0.42060611
 -0.02270482   0.56599203
  0.03570330   0.20174044
 -0.03750689   0.62804051
  0.01040307  -0.45443565
 -0.00347513  -0.28442512
  0.02587547   0.12110218
 -0.00472729  -0.30382545
  0.04557770   0.14988609
  0.00452336  -0.32410256
  0.02483047   0.21897106
  0.03208433   0.26115691
 -0.04203356   0.66040048
 -0.00917384  -0.66734163
  0.00877282   0.58808434
 -0.01384329  -0.50035287
 -0.01256161  -0.50506962
 -0.01760139  -0.28027676
  0.02020275  -0.05443304
 -0.05972382   0.73133069
 -0.02384444   0.42357230
 -0.01387507  -0.22794864
  0.00999829   0.27048518
  0.01479413  -0.47519110
  0.00044753  -0.44647523
  0.02111958  -0.32640538
  0.02863516  -0.02886569
 -0.00976546  -0.54346059
  0.00797859  -0.12470545
  0.01889498  -0.27032307
  0.01977361   0.41756649
 -0.01390497  -0.59662310
  0.00913179  -0.42325336
  0.00811321   0.01773253
  0.01258085   0.35206541
 -0.05687694   0.72030128
  0.00217990  -0.16426194
  0.00987912   0.26440004
  0.02699974   0.42526206
  0.01074279  -0.41827097
  0.02460843   0.22038999
  0.02231383   0.34170643
 -0.01310950  -0.43508700
  0.00185554  -0.44506681
 -0.00541606   0.49321380
  0.00938477  -0.62559457
  0.01429771  -0.08846549
  0.01633543  -0.38295843
 -0.00821891  -0.51665875
  0.00188188  -0.37088580
 -0.01805676   0.57174695
  0.01635034   0.13109400
 -0.02402280  -0.53123718
  0.03101150   0.07495555
  0.03286741   0.20632059
 -0.00941902  -0.56301327
  0.00974650   0.35790826
  0.02300907   0.40382663
  0.01362691  -0.32352035
 -0.00908119  -0.62353575
  0.03735120   0.29338957
  0.01425696   0.46802075
  0.02951122  -0.34184647
  0.03766360   0.19309377
  0.01795574  -0.41369249
 -0.01450527  -0.50547556
  0.00665060   0.53543810
 -0.02827135  -0.61066326
 -0.03521341   0.59150473
  0.00318696  -0.41743379
  0.03587066   0.16773909
  0.00674890  -0.39253999
  0.00559819  -0.12892034
  0.04743520   0.08464387
  0.02190609  -0.05319474
 -0.03811638  -0.64505574
  0.05298272   0.11156871
  0.02349035   0.21371426
 -0.00499407  -0.42296090
 -0.01690810  -0.48282029
  0.01541422   0.07459199
 -0.03392355  -0.64220472
 -0.02376603   0.52058763
 -0.04021614  -0.65192061
 -0.00159488   0.34681377
  0.00927238   0.05719908
  0.02475034  -0.19483261
 -0.01683607  -0.61151576
 -0.01509235  -0.42005634
  0.02838015   0.43258279
  0.03247630  -0.07525958
  0.01447995   0.18251636
 -0.00121106  -0.60168320
  0.02896773  -0.01557218
  0.01105804  -0.12540248
  0.00823205  -0.29313139
  0.00665258   0.44366132
 -0.03612287  -0.63300450
 -0.04628350   0.64910736
 -0.01140130  -0.46625587
  0.02475411   0.16356165
  0.02389097   0.40262374
  0.00471701  -0.22901022
 -0.02420045  -0.60847241
 -0.01650548  -0.65608786
  0.02223455   0.01209366
 -0.00182772  -0.43992759
  0.01636066   0.07413872
 -0.01208212  -0.56579122
  0.01169389  -0.30067940
  0.00882015  -0.37338133
  0.01044071  -0.02876657
 -0.03488805   0.61774783
  0.01110491   0.43494511
 -0.15485309   0.88769116
  0.01537353   0.23870178
  0.00980608   0.35864543
  0.01946634   0.28328114
 -0.00065146  -0.61607783
 -0.02765635  -0.66866899
  0.00132520  -0.50409138
  0.01119260  -0.03831034
  0.00832388  -0.47389641
  0.01341052  -0.17999067
 -0.01077273  -0.29603219
  0.01217108  -0.54316896
 -0.00809649  -0.37317341
 -0.00173573  -0.44768777
 -0.03486884   0.61300627
  0.00296714   0.47272118
 -0.09086145   0.76355400
  0.03535593  -0.18336498
  0.03950890   0.19087088
  0.04919048   0.25857869
  0.04176326   0.10018772
 -0.03597208  -0.64428104
 -0.01397871  -0.53035348
  0.03472556  -0.15336065
 -0.00418208  -0.46209099
 -0.01617289  -0.62039991
 -0.00827802  -0.45581133
  0.02381747  -0.09816090
 -0.01198245  -0.35023452
  0.00073372  -0.28848206
 -0.00207529   0.44657612
 -0.01269870   0.60638286
 -0.07573698   0.70033758
 -0.02359107  -0.41089095
  0.03116803   0.04084277
  0.03063403   0.11908904
  0.03388586   0.08060482
  0.03036069   0.36194791
  0.00562122  -0.58337484
  0.00408439  -0.19404546
 -0.02845918  -0.59169185
  0.01367074  -0.35425411
  0.01326001  -0.24253452
  0.01018823   0.47189781
 -0.00311157  -0.46118685
 -0.01485129  -0.30569659
  0.03023168  -0.01763147
 -0.05185654   0.70195725
 -0.07618919   0.72765759
  0.01699787  -0.22307822
  0.02406812  -0.04857213
 -0.01257686  -0.50594443
  0.01009373  -0.16800389
  0.01925644   0.06968715
  0.02673950  -0.11729653
 -0.01167400   0.40979679
 -0.01956731  -0.64868902
  0.04153930   0.30494255
 -0.01042577  -0.59370177
  0.01001892  -0.35270511
  0.00960185  -0.25078242
  0.01904427  -0.18034800
  0.01391351  -0.08415333
 -0.03926105   0.50038011
 -0.05588095   0.74146631
  0.03007300   0.29695345
  0.03998663  -0.10267714
 -0.00025060  -0.37410043
  0.01507951   0.51776908
 -0.00103551  -0.34788045
  0.01384031  -0.09844964
  0.01374864   0.55316373
 -0.01525081  -0.52680340
  0.03242003  -0.15506613
  0.01063416  -0.29370641
  0.02853554   0.37396968
  0.00253317  -0.47578392
  0.00280010  -0.26273363
  0.01398848   0.02613570
